(kicad_pcb (version 20171130) (host pcbnew "(5.0.1-3-g963ef8bb5)")

  (general
    (thickness 1.6)
    (drawings 0)
    (tracks 0)
    (zones 0)
    (modules 28)
    (nets 41)
  )

  (page A4)
  (layers
    (0 F.Cu signal)
    (31 B.Cu signal)
    (32 B.Adhes user)
    (33 F.Adhes user)
    (34 B.Paste user)
    (35 F.Paste user)
    (36 B.SilkS user)
    (37 F.SilkS user)
    (38 B.Mask user)
    (39 F.Mask user)
    (40 Dwgs.User user)
    (41 Cmts.User user)
    (42 Eco1.User user)
    (43 Eco2.User user)
    (44 Edge.Cuts user)
    (45 Margin user)
    (46 B.CrtYd user)
    (47 F.CrtYd user)
    (48 B.Fab user)
    (49 F.Fab user)
  )

  (setup
    (last_trace_width 0.25)
    (trace_clearance 0.2)
    (zone_clearance 0.508)
    (zone_45_only no)
    (trace_min 0.2)
    (segment_width 0.2)
    (edge_width 0.15)
    (via_size 0.8)
    (via_drill 0.4)
    (via_min_size 0.4)
    (via_min_drill 0.3)
    (uvia_size 0.3)
    (uvia_drill 0.1)
    (uvias_allowed no)
    (uvia_min_size 0.2)
    (uvia_min_drill 0.1)
    (pcb_text_width 0.3)
    (pcb_text_size 1.5 1.5)
    (mod_edge_width 0.15)
    (mod_text_size 1 1)
    (mod_text_width 0.15)
    (pad_size 1.524 1.524)
    (pad_drill 0.762)
    (pad_to_mask_clearance 0.051)
    (solder_mask_min_width 0.25)
    (aux_axis_origin 0 0)
    (visible_elements FFFFFF7F)
    (pcbplotparams
      (layerselection 0x010fc_ffffffff)
      (usegerberextensions false)
      (usegerberattributes false)
      (usegerberadvancedattributes false)
      (creategerberjobfile false)
      (excludeedgelayer true)
      (linewidth 0.100000)
      (plotframeref false)
      (viasonmask false)
      (mode 1)
      (useauxorigin false)
      (hpglpennumber 1)
      (hpglpenspeed 20)
      (hpglpendiameter 15.000000)
      (psnegative false)
      (psa4output false)
      (plotreference true)
      (plotvalue true)
      (plotinvisibletext false)
      (padsonsilk false)
      (subtractmaskfromsilk false)
      (outputformat 1)
      (mirror false)
      (drillshape 1)
      (scaleselection 1)
      (outputdirectory ""))
  )

  (net 0 "")
  (net 1 GND)
  (net 2 +BATT)
  (net 3 VBUS)
  (net 4 +3V3)
  (net 5 "Net-(C6-Pad1)")
  (net 6 "Net-(D1-Pad1)")
  (net 7 "Net-(D2-Pad1)")
  (net 8 /BT_WAKEUP)
  (net 9 /MCU_WAKEUP)
  (net 10 /HCI_RXD)
  (net 11 /HCI_TXD)
  (net 12 "Net-(J3-Pad3)")
  (net 13 "Net-(J3-Pad4)")
  (net 14 "Net-(J3-Pad5)")
  (net 15 "Net-(J3-Pad6)")
  (net 16 "Net-(J5-Pad1)")
  (net 17 "Net-(J6-Pad1)")
  (net 18 "Net-(J6-Pad2)")
  (net 19 "Net-(J6-Pad3)")
  (net 20 "Net-(J6-Pad4)")
  (net 21 "Net-(J6-Pad5)")
  (net 22 "Net-(J6-Pad6)")
  (net 23 "Net-(J6-Pad7)")
  (net 24 "Net-(J6-Pad8)")
  (net 25 "Net-(J7-Pad1)")
  (net 26 "Net-(J7-Pad2)")
  (net 27 "Net-(J7-Pad3)")
  (net 28 "Net-(J7-Pad4)")
  (net 29 "Net-(J7-Pad5)")
  (net 30 "Net-(J7-Pad6)")
  (net 31 "Net-(J7-Pad7)")
  (net 32 "Net-(J8-Pad1)")
  (net 33 "Net-(J8-Pad2)")
  (net 34 /P2_0)
  (net 35 "Net-(J8-Pad4)")
  (net 36 /SCLK)
  (net 37 /SD_IN)
  (net 38 /SD_OUT)
  (net 39 /WS)
  (net 40 "Net-(R6-Pad1)")

  (net_class Default "This is the default net class."
    (clearance 0.2)
    (trace_width 0.25)
    (via_dia 0.8)
    (via_drill 0.4)
    (uvia_dia 0.3)
    (uvia_drill 0.1)
    (add_net +3V3)
    (add_net +BATT)
    (add_net /BT_WAKEUP)
    (add_net /HCI_RXD)
    (add_net /HCI_TXD)
    (add_net /MCU_WAKEUP)
    (add_net /P2_0)
    (add_net /SCLK)
    (add_net /SD_IN)
    (add_net /SD_OUT)
    (add_net /WS)
    (add_net GND)
    (add_net "Net-(C6-Pad1)")
    (add_net "Net-(D1-Pad1)")
    (add_net "Net-(D2-Pad1)")
    (add_net "Net-(J3-Pad3)")
    (add_net "Net-(J3-Pad4)")
    (add_net "Net-(J3-Pad5)")
    (add_net "Net-(J3-Pad6)")
    (add_net "Net-(J5-Pad1)")
    (add_net "Net-(J6-Pad1)")
    (add_net "Net-(J6-Pad2)")
    (add_net "Net-(J6-Pad3)")
    (add_net "Net-(J6-Pad4)")
    (add_net "Net-(J6-Pad5)")
    (add_net "Net-(J6-Pad6)")
    (add_net "Net-(J6-Pad7)")
    (add_net "Net-(J6-Pad8)")
    (add_net "Net-(J7-Pad1)")
    (add_net "Net-(J7-Pad2)")
    (add_net "Net-(J7-Pad3)")
    (add_net "Net-(J7-Pad4)")
    (add_net "Net-(J7-Pad5)")
    (add_net "Net-(J7-Pad6)")
    (add_net "Net-(J7-Pad7)")
    (add_net "Net-(J8-Pad1)")
    (add_net "Net-(J8-Pad2)")
    (add_net "Net-(J8-Pad4)")
    (add_net "Net-(R6-Pad1)")
    (add_net VBUS)
  )

  (module Capacitor_SMD:C_0603_1608Metric (layer F.Cu) (tedit 5B301BBE) (tstamp 5C02456F)
    (at 195.7125 96)
    (descr "Capacitor SMD 0603 (1608 Metric), square (rectangular) end terminal, IPC_7351 nominal, (Body size source: http://www.tortai-tech.com/upload/download/2011102023233369053.pdf), generated with kicad-footprint-generator")
    (tags capacitor)
    (path /5BBF1784)
    (attr smd)
    (fp_text reference C1 (at 0 -1.43) (layer F.SilkS)
      (effects (font (size 1 1) (thickness 0.15)))
    )
    (fp_text value 0.1uF/16V (at 0 1.43) (layer F.Fab)
      (effects (font (size 1 1) (thickness 0.15)))
    )
    (fp_text user %R (at 0 0) (layer F.Fab)
      (effects (font (size 0.4 0.4) (thickness 0.06)))
    )
    (fp_line (start 1.48 0.73) (end -1.48 0.73) (layer F.CrtYd) (width 0.05))
    (fp_line (start 1.48 -0.73) (end 1.48 0.73) (layer F.CrtYd) (width 0.05))
    (fp_line (start -1.48 -0.73) (end 1.48 -0.73) (layer F.CrtYd) (width 0.05))
    (fp_line (start -1.48 0.73) (end -1.48 -0.73) (layer F.CrtYd) (width 0.05))
    (fp_line (start -0.162779 0.51) (end 0.162779 0.51) (layer F.SilkS) (width 0.12))
    (fp_line (start -0.162779 -0.51) (end 0.162779 -0.51) (layer F.SilkS) (width 0.12))
    (fp_line (start 0.8 0.4) (end -0.8 0.4) (layer F.Fab) (width 0.1))
    (fp_line (start 0.8 -0.4) (end 0.8 0.4) (layer F.Fab) (width 0.1))
    (fp_line (start -0.8 -0.4) (end 0.8 -0.4) (layer F.Fab) (width 0.1))
    (fp_line (start -0.8 0.4) (end -0.8 -0.4) (layer F.Fab) (width 0.1))
    (pad 2 smd roundrect (at 0.7875 0) (size 0.875 0.95) (layers F.Cu F.Paste F.Mask) (roundrect_rratio 0.25)
      (net 1 GND))
    (pad 1 smd roundrect (at -0.7875 0) (size 0.875 0.95) (layers F.Cu F.Paste F.Mask) (roundrect_rratio 0.25)
      (net 2 +BATT))
    (model ${KISYS3DMOD}/Capacitor_SMD.3dshapes/C_0603_1608Metric.wrl
      (at (xyz 0 0 0))
      (scale (xyz 1 1 1))
      (rotate (xyz 0 0 0))
    )
  )

  (module Capacitor_SMD:C_0603_1608Metric (layer F.Cu) (tedit 5B301BBE) (tstamp 5C024580)
    (at 205.7125 83)
    (descr "Capacitor SMD 0603 (1608 Metric), square (rectangular) end terminal, IPC_7351 nominal, (Body size source: http://www.tortai-tech.com/upload/download/2011102023233369053.pdf), generated with kicad-footprint-generator")
    (tags capacitor)
    (path /5BBF84DD)
    (attr smd)
    (fp_text reference C2 (at 0 -1.43) (layer F.SilkS)
      (effects (font (size 1 1) (thickness 0.15)))
    )
    (fp_text value 0.1uF/16V (at 0 1.43) (layer F.Fab)
      (effects (font (size 1 1) (thickness 0.15)))
    )
    (fp_line (start -0.8 0.4) (end -0.8 -0.4) (layer F.Fab) (width 0.1))
    (fp_line (start -0.8 -0.4) (end 0.8 -0.4) (layer F.Fab) (width 0.1))
    (fp_line (start 0.8 -0.4) (end 0.8 0.4) (layer F.Fab) (width 0.1))
    (fp_line (start 0.8 0.4) (end -0.8 0.4) (layer F.Fab) (width 0.1))
    (fp_line (start -0.162779 -0.51) (end 0.162779 -0.51) (layer F.SilkS) (width 0.12))
    (fp_line (start -0.162779 0.51) (end 0.162779 0.51) (layer F.SilkS) (width 0.12))
    (fp_line (start -1.48 0.73) (end -1.48 -0.73) (layer F.CrtYd) (width 0.05))
    (fp_line (start -1.48 -0.73) (end 1.48 -0.73) (layer F.CrtYd) (width 0.05))
    (fp_line (start 1.48 -0.73) (end 1.48 0.73) (layer F.CrtYd) (width 0.05))
    (fp_line (start 1.48 0.73) (end -1.48 0.73) (layer F.CrtYd) (width 0.05))
    (fp_text user %R (at 0 0) (layer F.Fab)
      (effects (font (size 0.4 0.4) (thickness 0.06)))
    )
    (pad 1 smd roundrect (at -0.7875 0) (size 0.875 0.95) (layers F.Cu F.Paste F.Mask) (roundrect_rratio 0.25)
      (net 3 VBUS))
    (pad 2 smd roundrect (at 0.7875 0) (size 0.875 0.95) (layers F.Cu F.Paste F.Mask) (roundrect_rratio 0.25)
      (net 1 GND))
    (model ${KISYS3DMOD}/Capacitor_SMD.3dshapes/C_0603_1608Metric.wrl
      (at (xyz 0 0 0))
      (scale (xyz 1 1 1))
      (rotate (xyz 0 0 0))
    )
  )

  (module Capacitor_SMD:C_0603_1608Metric (layer F.Cu) (tedit 5B301BBE) (tstamp 5C024591)
    (at 191.7125 123.5)
    (descr "Capacitor SMD 0603 (1608 Metric), square (rectangular) end terminal, IPC_7351 nominal, (Body size source: http://www.tortai-tech.com/upload/download/2011102023233369053.pdf), generated with kicad-footprint-generator")
    (tags capacitor)
    (path /5BBF1710)
    (attr smd)
    (fp_text reference C3 (at 0 -1.43) (layer F.SilkS)
      (effects (font (size 1 1) (thickness 0.15)))
    )
    (fp_text value 1uF/16V (at 0 1.43) (layer F.Fab)
      (effects (font (size 1 1) (thickness 0.15)))
    )
    (fp_line (start -0.8 0.4) (end -0.8 -0.4) (layer F.Fab) (width 0.1))
    (fp_line (start -0.8 -0.4) (end 0.8 -0.4) (layer F.Fab) (width 0.1))
    (fp_line (start 0.8 -0.4) (end 0.8 0.4) (layer F.Fab) (width 0.1))
    (fp_line (start 0.8 0.4) (end -0.8 0.4) (layer F.Fab) (width 0.1))
    (fp_line (start -0.162779 -0.51) (end 0.162779 -0.51) (layer F.SilkS) (width 0.12))
    (fp_line (start -0.162779 0.51) (end 0.162779 0.51) (layer F.SilkS) (width 0.12))
    (fp_line (start -1.48 0.73) (end -1.48 -0.73) (layer F.CrtYd) (width 0.05))
    (fp_line (start -1.48 -0.73) (end 1.48 -0.73) (layer F.CrtYd) (width 0.05))
    (fp_line (start 1.48 -0.73) (end 1.48 0.73) (layer F.CrtYd) (width 0.05))
    (fp_line (start 1.48 0.73) (end -1.48 0.73) (layer F.CrtYd) (width 0.05))
    (fp_text user %R (at 0 0) (layer F.Fab)
      (effects (font (size 0.4 0.4) (thickness 0.06)))
    )
    (pad 1 smd roundrect (at -0.7875 0) (size 0.875 0.95) (layers F.Cu F.Paste F.Mask) (roundrect_rratio 0.25)
      (net 2 +BATT))
    (pad 2 smd roundrect (at 0.7875 0) (size 0.875 0.95) (layers F.Cu F.Paste F.Mask) (roundrect_rratio 0.25)
      (net 1 GND))
    (model ${KISYS3DMOD}/Capacitor_SMD.3dshapes/C_0603_1608Metric.wrl
      (at (xyz 0 0 0))
      (scale (xyz 1 1 1))
      (rotate (xyz 0 0 0))
    )
  )

  (module Capacitor_SMD:C_0603_1608Metric (layer F.Cu) (tedit 5B301BBE) (tstamp 5C0245A2)
    (at 209.2125 133)
    (descr "Capacitor SMD 0603 (1608 Metric), square (rectangular) end terminal, IPC_7351 nominal, (Body size source: http://www.tortai-tech.com/upload/download/2011102023233369053.pdf), generated with kicad-footprint-generator")
    (tags capacitor)
    (path /5BBF8565)
    (attr smd)
    (fp_text reference C4 (at 0 -1.43) (layer F.SilkS)
      (effects (font (size 1 1) (thickness 0.15)))
    )
    (fp_text value 1uF/16V (at 0 1.43) (layer F.Fab)
      (effects (font (size 1 1) (thickness 0.15)))
    )
    (fp_text user %R (at 0 0) (layer F.Fab)
      (effects (font (size 0.4 0.4) (thickness 0.06)))
    )
    (fp_line (start 1.48 0.73) (end -1.48 0.73) (layer F.CrtYd) (width 0.05))
    (fp_line (start 1.48 -0.73) (end 1.48 0.73) (layer F.CrtYd) (width 0.05))
    (fp_line (start -1.48 -0.73) (end 1.48 -0.73) (layer F.CrtYd) (width 0.05))
    (fp_line (start -1.48 0.73) (end -1.48 -0.73) (layer F.CrtYd) (width 0.05))
    (fp_line (start -0.162779 0.51) (end 0.162779 0.51) (layer F.SilkS) (width 0.12))
    (fp_line (start -0.162779 -0.51) (end 0.162779 -0.51) (layer F.SilkS) (width 0.12))
    (fp_line (start 0.8 0.4) (end -0.8 0.4) (layer F.Fab) (width 0.1))
    (fp_line (start 0.8 -0.4) (end 0.8 0.4) (layer F.Fab) (width 0.1))
    (fp_line (start -0.8 -0.4) (end 0.8 -0.4) (layer F.Fab) (width 0.1))
    (fp_line (start -0.8 0.4) (end -0.8 -0.4) (layer F.Fab) (width 0.1))
    (pad 2 smd roundrect (at 0.7875 0) (size 0.875 0.95) (layers F.Cu F.Paste F.Mask) (roundrect_rratio 0.25)
      (net 1 GND))
    (pad 1 smd roundrect (at -0.7875 0) (size 0.875 0.95) (layers F.Cu F.Paste F.Mask) (roundrect_rratio 0.25)
      (net 3 VBUS))
    (model ${KISYS3DMOD}/Capacitor_SMD.3dshapes/C_0603_1608Metric.wrl
      (at (xyz 0 0 0))
      (scale (xyz 1 1 1))
      (rotate (xyz 0 0 0))
    )
  )

  (module Capacitor_SMD:C_0603_1608Metric (layer F.Cu) (tedit 5B301BBE) (tstamp 5C0245B3)
    (at 155.7125 100.5)
    (descr "Capacitor SMD 0603 (1608 Metric), square (rectangular) end terminal, IPC_7351 nominal, (Body size source: http://www.tortai-tech.com/upload/download/2011102023233369053.pdf), generated with kicad-footprint-generator")
    (tags capacitor)
    (path /5BC71878)
    (attr smd)
    (fp_text reference C5 (at 0 -1.43) (layer F.SilkS)
      (effects (font (size 1 1) (thickness 0.15)))
    )
    (fp_text value 0.1uf (at 0 1.43) (layer F.Fab)
      (effects (font (size 1 1) (thickness 0.15)))
    )
    (fp_line (start -0.8 0.4) (end -0.8 -0.4) (layer F.Fab) (width 0.1))
    (fp_line (start -0.8 -0.4) (end 0.8 -0.4) (layer F.Fab) (width 0.1))
    (fp_line (start 0.8 -0.4) (end 0.8 0.4) (layer F.Fab) (width 0.1))
    (fp_line (start 0.8 0.4) (end -0.8 0.4) (layer F.Fab) (width 0.1))
    (fp_line (start -0.162779 -0.51) (end 0.162779 -0.51) (layer F.SilkS) (width 0.12))
    (fp_line (start -0.162779 0.51) (end 0.162779 0.51) (layer F.SilkS) (width 0.12))
    (fp_line (start -1.48 0.73) (end -1.48 -0.73) (layer F.CrtYd) (width 0.05))
    (fp_line (start -1.48 -0.73) (end 1.48 -0.73) (layer F.CrtYd) (width 0.05))
    (fp_line (start 1.48 -0.73) (end 1.48 0.73) (layer F.CrtYd) (width 0.05))
    (fp_line (start 1.48 0.73) (end -1.48 0.73) (layer F.CrtYd) (width 0.05))
    (fp_text user %R (at 0 0) (layer F.Fab)
      (effects (font (size 0.4 0.4) (thickness 0.06)))
    )
    (pad 1 smd roundrect (at -0.7875 0) (size 0.875 0.95) (layers F.Cu F.Paste F.Mask) (roundrect_rratio 0.25)
      (net 4 +3V3))
    (pad 2 smd roundrect (at 0.7875 0) (size 0.875 0.95) (layers F.Cu F.Paste F.Mask) (roundrect_rratio 0.25)
      (net 1 GND))
    (model ${KISYS3DMOD}/Capacitor_SMD.3dshapes/C_0603_1608Metric.wrl
      (at (xyz 0 0 0))
      (scale (xyz 1 1 1))
      (rotate (xyz 0 0 0))
    )
  )

  (module Capacitor_SMD:C_0603_1608Metric (layer F.Cu) (tedit 5B301BBE) (tstamp 5C0245C4)
    (at 208.2125 125.5)
    (descr "Capacitor SMD 0603 (1608 Metric), square (rectangular) end terminal, IPC_7351 nominal, (Body size source: http://www.tortai-tech.com/upload/download/2011102023233369053.pdf), generated with kicad-footprint-generator")
    (tags capacitor)
    (path /5BC9E2A2)
    (attr smd)
    (fp_text reference C6 (at 0 -1.43) (layer F.SilkS)
      (effects (font (size 1 1) (thickness 0.15)))
    )
    (fp_text value 1.0uF/16V (at 0 1.43) (layer F.Fab)
      (effects (font (size 1 1) (thickness 0.15)))
    )
    (fp_text user %R (at 0 0) (layer F.Fab)
      (effects (font (size 0.4 0.4) (thickness 0.06)))
    )
    (fp_line (start 1.48 0.73) (end -1.48 0.73) (layer F.CrtYd) (width 0.05))
    (fp_line (start 1.48 -0.73) (end 1.48 0.73) (layer F.CrtYd) (width 0.05))
    (fp_line (start -1.48 -0.73) (end 1.48 -0.73) (layer F.CrtYd) (width 0.05))
    (fp_line (start -1.48 0.73) (end -1.48 -0.73) (layer F.CrtYd) (width 0.05))
    (fp_line (start -0.162779 0.51) (end 0.162779 0.51) (layer F.SilkS) (width 0.12))
    (fp_line (start -0.162779 -0.51) (end 0.162779 -0.51) (layer F.SilkS) (width 0.12))
    (fp_line (start 0.8 0.4) (end -0.8 0.4) (layer F.Fab) (width 0.1))
    (fp_line (start 0.8 -0.4) (end 0.8 0.4) (layer F.Fab) (width 0.1))
    (fp_line (start -0.8 -0.4) (end 0.8 -0.4) (layer F.Fab) (width 0.1))
    (fp_line (start -0.8 0.4) (end -0.8 -0.4) (layer F.Fab) (width 0.1))
    (pad 2 smd roundrect (at 0.7875 0) (size 0.875 0.95) (layers F.Cu F.Paste F.Mask) (roundrect_rratio 0.25)
      (net 1 GND))
    (pad 1 smd roundrect (at -0.7875 0) (size 0.875 0.95) (layers F.Cu F.Paste F.Mask) (roundrect_rratio 0.25)
      (net 5 "Net-(C6-Pad1)"))
    (model ${KISYS3DMOD}/Capacitor_SMD.3dshapes/C_0603_1608Metric.wrl
      (at (xyz 0 0 0))
      (scale (xyz 1 1 1))
      (rotate (xyz 0 0 0))
    )
  )

  (module Capacitor_SMD:C_0603_1608Metric (layer F.Cu) (tedit 5B301BBE) (tstamp 5C0245D5)
    (at 206.7875 119)
    (descr "Capacitor SMD 0603 (1608 Metric), square (rectangular) end terminal, IPC_7351 nominal, (Body size source: http://www.tortai-tech.com/upload/download/2011102023233369053.pdf), generated with kicad-footprint-generator")
    (tags capacitor)
    (path /5BCD6D08)
    (attr smd)
    (fp_text reference C7 (at 0 -1.43) (layer F.SilkS)
      (effects (font (size 1 1) (thickness 0.15)))
    )
    (fp_text value 0.1uF/16V (at 0 1.43) (layer F.Fab)
      (effects (font (size 1 1) (thickness 0.15)))
    )
    (fp_line (start -0.8 0.4) (end -0.8 -0.4) (layer F.Fab) (width 0.1))
    (fp_line (start -0.8 -0.4) (end 0.8 -0.4) (layer F.Fab) (width 0.1))
    (fp_line (start 0.8 -0.4) (end 0.8 0.4) (layer F.Fab) (width 0.1))
    (fp_line (start 0.8 0.4) (end -0.8 0.4) (layer F.Fab) (width 0.1))
    (fp_line (start -0.162779 -0.51) (end 0.162779 -0.51) (layer F.SilkS) (width 0.12))
    (fp_line (start -0.162779 0.51) (end 0.162779 0.51) (layer F.SilkS) (width 0.12))
    (fp_line (start -1.48 0.73) (end -1.48 -0.73) (layer F.CrtYd) (width 0.05))
    (fp_line (start -1.48 -0.73) (end 1.48 -0.73) (layer F.CrtYd) (width 0.05))
    (fp_line (start 1.48 -0.73) (end 1.48 0.73) (layer F.CrtYd) (width 0.05))
    (fp_line (start 1.48 0.73) (end -1.48 0.73) (layer F.CrtYd) (width 0.05))
    (fp_text user %R (at 0 0) (layer F.Fab)
      (effects (font (size 0.4 0.4) (thickness 0.06)))
    )
    (pad 1 smd roundrect (at -0.7875 0) (size 0.875 0.95) (layers F.Cu F.Paste F.Mask) (roundrect_rratio 0.25)
      (net 2 +BATT))
    (pad 2 smd roundrect (at 0.7875 0) (size 0.875 0.95) (layers F.Cu F.Paste F.Mask) (roundrect_rratio 0.25)
      (net 1 GND))
    (model ${KISYS3DMOD}/Capacitor_SMD.3dshapes/C_0603_1608Metric.wrl
      (at (xyz 0 0 0))
      (scale (xyz 1 1 1))
      (rotate (xyz 0 0 0))
    )
  )

  (module Diode_SMD:D_0603_1608Metric (layer F.Cu) (tedit 5B301BBE) (tstamp 5C0245E8)
    (at 150.7875 103.5)
    (descr "Diode SMD 0603 (1608 Metric), square (rectangular) end terminal, IPC_7351 nominal, (Body size source: http://www.tortai-tech.com/upload/download/2011102023233369053.pdf), generated with kicad-footprint-generator")
    (tags diode)
    (path /5BBEF48A)
    (attr smd)
    (fp_text reference D1 (at 0 -1.43) (layer F.SilkS)
      (effects (font (size 1 1) (thickness 0.15)))
    )
    (fp_text value LED (at 0 1.43) (layer F.Fab)
      (effects (font (size 1 1) (thickness 0.15)))
    )
    (fp_line (start 0.8 -0.4) (end -0.5 -0.4) (layer F.Fab) (width 0.1))
    (fp_line (start -0.5 -0.4) (end -0.8 -0.1) (layer F.Fab) (width 0.1))
    (fp_line (start -0.8 -0.1) (end -0.8 0.4) (layer F.Fab) (width 0.1))
    (fp_line (start -0.8 0.4) (end 0.8 0.4) (layer F.Fab) (width 0.1))
    (fp_line (start 0.8 0.4) (end 0.8 -0.4) (layer F.Fab) (width 0.1))
    (fp_line (start 0.8 -0.735) (end -1.485 -0.735) (layer F.SilkS) (width 0.12))
    (fp_line (start -1.485 -0.735) (end -1.485 0.735) (layer F.SilkS) (width 0.12))
    (fp_line (start -1.485 0.735) (end 0.8 0.735) (layer F.SilkS) (width 0.12))
    (fp_line (start -1.48 0.73) (end -1.48 -0.73) (layer F.CrtYd) (width 0.05))
    (fp_line (start -1.48 -0.73) (end 1.48 -0.73) (layer F.CrtYd) (width 0.05))
    (fp_line (start 1.48 -0.73) (end 1.48 0.73) (layer F.CrtYd) (width 0.05))
    (fp_line (start 1.48 0.73) (end -1.48 0.73) (layer F.CrtYd) (width 0.05))
    (fp_text user %R (at 0 0) (layer F.Fab)
      (effects (font (size 0.4 0.4) (thickness 0.06)))
    )
    (pad 1 smd roundrect (at -0.7875 0) (size 0.875 0.95) (layers F.Cu F.Paste F.Mask) (roundrect_rratio 0.25)
      (net 6 "Net-(D1-Pad1)"))
    (pad 2 smd roundrect (at 0.7875 0) (size 0.875 0.95) (layers F.Cu F.Paste F.Mask) (roundrect_rratio 0.25)
      (net 4 +3V3))
    (model ${KISYS3DMOD}/Diode_SMD.3dshapes/D_0603_1608Metric.wrl
      (at (xyz 0 0 0))
      (scale (xyz 1 1 1))
      (rotate (xyz 0 0 0))
    )
  )

  (module Diode_SMD:D_0603_1608Metric (layer F.Cu) (tedit 5B301BBE) (tstamp 5C0245FB)
    (at 150.7875 100.5)
    (descr "Diode SMD 0603 (1608 Metric), square (rectangular) end terminal, IPC_7351 nominal, (Body size source: http://www.tortai-tech.com/upload/download/2011102023233369053.pdf), generated with kicad-footprint-generator")
    (tags diode)
    (path /5BBEF508)
    (attr smd)
    (fp_text reference D2 (at 0 -1.43) (layer F.SilkS)
      (effects (font (size 1 1) (thickness 0.15)))
    )
    (fp_text value LED (at 0 1.43) (layer F.Fab)
      (effects (font (size 1 1) (thickness 0.15)))
    )
    (fp_text user %R (at 0 0) (layer F.Fab)
      (effects (font (size 0.4 0.4) (thickness 0.06)))
    )
    (fp_line (start 1.48 0.73) (end -1.48 0.73) (layer F.CrtYd) (width 0.05))
    (fp_line (start 1.48 -0.73) (end 1.48 0.73) (layer F.CrtYd) (width 0.05))
    (fp_line (start -1.48 -0.73) (end 1.48 -0.73) (layer F.CrtYd) (width 0.05))
    (fp_line (start -1.48 0.73) (end -1.48 -0.73) (layer F.CrtYd) (width 0.05))
    (fp_line (start -1.485 0.735) (end 0.8 0.735) (layer F.SilkS) (width 0.12))
    (fp_line (start -1.485 -0.735) (end -1.485 0.735) (layer F.SilkS) (width 0.12))
    (fp_line (start 0.8 -0.735) (end -1.485 -0.735) (layer F.SilkS) (width 0.12))
    (fp_line (start 0.8 0.4) (end 0.8 -0.4) (layer F.Fab) (width 0.1))
    (fp_line (start -0.8 0.4) (end 0.8 0.4) (layer F.Fab) (width 0.1))
    (fp_line (start -0.8 -0.1) (end -0.8 0.4) (layer F.Fab) (width 0.1))
    (fp_line (start -0.5 -0.4) (end -0.8 -0.1) (layer F.Fab) (width 0.1))
    (fp_line (start 0.8 -0.4) (end -0.5 -0.4) (layer F.Fab) (width 0.1))
    (pad 2 smd roundrect (at 0.7875 0) (size 0.875 0.95) (layers F.Cu F.Paste F.Mask) (roundrect_rratio 0.25)
      (net 4 +3V3))
    (pad 1 smd roundrect (at -0.7875 0) (size 0.875 0.95) (layers F.Cu F.Paste F.Mask) (roundrect_rratio 0.25)
      (net 7 "Net-(D2-Pad1)"))
    (model ${KISYS3DMOD}/Diode_SMD.3dshapes/D_0603_1608Metric.wrl
      (at (xyz 0 0 0))
      (scale (xyz 1 1 1))
      (rotate (xyz 0 0 0))
    )
  )

  (module Connector_USB:USB_Micro-B_Amphenol_10103594-0001LF_Horizontal (layer F.Cu) (tedit 5A1DC0BD) (tstamp 5C024625)
    (at 138.5 164)
    (descr "Micro USB Type B 10103594-0001LF, http://cdn.amphenol-icc.com/media/wysiwyg/files/drawing/10103594.pdf")
    (tags "USB USB_B USB_micro USB_OTG")
    (path /5BBF7F4C)
    (attr smd)
    (fp_text reference J1 (at 1.925 -3.365) (layer F.SilkS)
      (effects (font (size 1 1) (thickness 0.15)))
    )
    (fp_text value USB_B_Micro (at -0.025 4.435) (layer F.Fab)
      (effects (font (size 1 1) (thickness 0.15)))
    )
    (fp_text user "PCB edge" (at -0.025 2.235) (layer Dwgs.User)
      (effects (font (size 0.5 0.5) (thickness 0.075)))
    )
    (fp_text user %R (at -0.025 -0.015) (layer F.Fab)
      (effects (font (size 1 1) (thickness 0.15)))
    )
    (fp_line (start -4.175 -0.065) (end -4.175 -1.615) (layer F.SilkS) (width 0.12))
    (fp_line (start -4.175 -0.065) (end -3.875 -0.065) (layer F.SilkS) (width 0.12))
    (fp_line (start -3.875 2.735) (end -3.875 -0.065) (layer F.SilkS) (width 0.12))
    (fp_line (start 4.125 -0.065) (end 4.125 -1.615) (layer F.SilkS) (width 0.12))
    (fp_line (start 3.825 -0.065) (end 4.125 -0.065) (layer F.SilkS) (width 0.12))
    (fp_line (start 3.825 2.735) (end 3.825 -0.065) (layer F.SilkS) (width 0.12))
    (fp_line (start -0.925 -3.315) (end -1.325 -2.865) (layer F.SilkS) (width 0.12))
    (fp_line (start -1.725 -3.315) (end -0.925 -3.315) (layer F.SilkS) (width 0.12))
    (fp_line (start -1.325 -2.865) (end -1.725 -3.315) (layer F.SilkS) (width 0.12))
    (fp_line (start -3.775 -0.865) (end -2.975 -1.615) (layer F.Fab) (width 0.12))
    (fp_line (start 3.725 3.335) (end -3.775 3.335) (layer F.Fab) (width 0.12))
    (fp_line (start 3.725 -1.615) (end 3.725 3.335) (layer F.Fab) (width 0.12))
    (fp_line (start -2.975 -1.615) (end 3.725 -1.615) (layer F.Fab) (width 0.12))
    (fp_line (start -3.775 3.335) (end -3.775 -0.865) (layer F.Fab) (width 0.12))
    (fp_line (start -4.025 2.835) (end 3.975 2.835) (layer Dwgs.User) (width 0.1))
    (fp_line (start -4.13 -2.88) (end 4.14 -2.88) (layer F.CrtYd) (width 0.05))
    (fp_line (start -4.13 -2.88) (end -4.13 3.58) (layer F.CrtYd) (width 0.05))
    (fp_line (start 4.14 3.58) (end 4.14 -2.88) (layer F.CrtYd) (width 0.05))
    (fp_line (start 4.14 3.58) (end -4.13 3.58) (layer F.CrtYd) (width 0.05))
    (pad 6 smd rect (at 2.725 0.185) (size 1.35 2) (layers F.Cu F.Paste F.Mask)
      (net 1 GND))
    (pad 6 smd rect (at -2.755 0.185) (size 1.35 2) (layers F.Cu F.Paste F.Mask)
      (net 1 GND))
    (pad 6 smd rect (at -2.975 -0.565) (size 1.825 0.7) (layers F.Cu F.Paste F.Mask)
      (net 1 GND))
    (pad 6 smd rect (at 2.975 -0.565) (size 1.825 0.7) (layers F.Cu F.Paste F.Mask)
      (net 1 GND))
    (pad 6 smd rect (at -2.875 -1.865) (size 2 1.5) (layers F.Cu F.Paste F.Mask)
      (net 1 GND))
    (pad 6 smd rect (at 2.875 -1.885) (size 2 1.5) (layers F.Cu F.Paste F.Mask)
      (net 1 GND))
    (pad 1 smd rect (at -1.325 -1.765 90) (size 1.65 0.4) (layers F.Cu F.Paste F.Mask)
      (net 3 VBUS))
    (pad 2 smd rect (at -0.675 -1.765 90) (size 1.65 0.4) (layers F.Cu F.Paste F.Mask))
    (pad 3 smd rect (at -0.025 -1.765 90) (size 1.65 0.4) (layers F.Cu F.Paste F.Mask))
    (pad 4 smd rect (at 0.625 -1.765 90) (size 1.65 0.4) (layers F.Cu F.Paste F.Mask))
    (pad 5 smd rect (at 1.275 -1.765 90) (size 1.65 0.4) (layers F.Cu F.Paste F.Mask)
      (net 1 GND))
    (pad 6 thru_hole oval (at -2.445 -1.885 90) (size 1.5 1.1) (drill oval 1.05 0.65) (layers *.Cu *.Mask)
      (net 1 GND))
    (pad 6 thru_hole oval (at 2.395 -1.885 90) (size 1.5 1.1) (drill oval 1.05 0.65) (layers *.Cu *.Mask)
      (net 1 GND))
    (pad 6 thru_hole oval (at -2.755 1.115 90) (size 1.7 1.35) (drill oval 1.2 0.7) (layers *.Cu *.Mask)
      (net 1 GND))
    (pad 6 thru_hole oval (at 2.705 1.115 90) (size 1.7 1.35) (drill oval 1.2 0.7) (layers *.Cu *.Mask)
      (net 1 GND))
    (pad 6 smd rect (at -0.985 1.385 90) (size 2.5 1.43) (layers F.Cu F.Paste F.Mask)
      (net 1 GND))
    (pad 6 smd rect (at 0.935 1.385 90) (size 2.5 1.43) (layers F.Cu F.Paste F.Mask)
      (net 1 GND))
    (model ${KISYS3DMOD}/Connector_USB.3dshapes/USB_Micro-B_Amphenol_10103594-0001LF_Horizontal.wrl
      (at (xyz 0 0 0))
      (scale (xyz 1 1 1))
      (rotate (xyz 0 0 0))
    )
  )

  (module Connector_PinHeader_2.54mm:PinHeader_2x03_P2.54mm_Vertical (layer F.Cu) (tedit 59FED5CC) (tstamp 5C024641)
    (at 117.5 161)
    (descr "Through hole straight pin header, 2x03, 2.54mm pitch, double rows")
    (tags "Through hole pin header THT 2x03 2.54mm double row")
    (path /5BC18B9F)
    (fp_text reference J2 (at 1.27 -2.33) (layer F.SilkS)
      (effects (font (size 1 1) (thickness 0.15)))
    )
    (fp_text value Conn_02x03_Odd_Even (at 1.27 7.41) (layer F.Fab)
      (effects (font (size 1 1) (thickness 0.15)))
    )
    (fp_text user %R (at 1.27 2.54 90) (layer F.Fab)
      (effects (font (size 1 1) (thickness 0.15)))
    )
    (fp_line (start 4.35 -1.8) (end -1.8 -1.8) (layer F.CrtYd) (width 0.05))
    (fp_line (start 4.35 6.85) (end 4.35 -1.8) (layer F.CrtYd) (width 0.05))
    (fp_line (start -1.8 6.85) (end 4.35 6.85) (layer F.CrtYd) (width 0.05))
    (fp_line (start -1.8 -1.8) (end -1.8 6.85) (layer F.CrtYd) (width 0.05))
    (fp_line (start -1.33 -1.33) (end 0 -1.33) (layer F.SilkS) (width 0.12))
    (fp_line (start -1.33 0) (end -1.33 -1.33) (layer F.SilkS) (width 0.12))
    (fp_line (start 1.27 -1.33) (end 3.87 -1.33) (layer F.SilkS) (width 0.12))
    (fp_line (start 1.27 1.27) (end 1.27 -1.33) (layer F.SilkS) (width 0.12))
    (fp_line (start -1.33 1.27) (end 1.27 1.27) (layer F.SilkS) (width 0.12))
    (fp_line (start 3.87 -1.33) (end 3.87 6.41) (layer F.SilkS) (width 0.12))
    (fp_line (start -1.33 1.27) (end -1.33 6.41) (layer F.SilkS) (width 0.12))
    (fp_line (start -1.33 6.41) (end 3.87 6.41) (layer F.SilkS) (width 0.12))
    (fp_line (start -1.27 0) (end 0 -1.27) (layer F.Fab) (width 0.1))
    (fp_line (start -1.27 6.35) (end -1.27 0) (layer F.Fab) (width 0.1))
    (fp_line (start 3.81 6.35) (end -1.27 6.35) (layer F.Fab) (width 0.1))
    (fp_line (start 3.81 -1.27) (end 3.81 6.35) (layer F.Fab) (width 0.1))
    (fp_line (start 0 -1.27) (end 3.81 -1.27) (layer F.Fab) (width 0.1))
    (pad 6 thru_hole oval (at 2.54 5.08) (size 1.7 1.7) (drill 1) (layers *.Cu *.Mask)
      (net 8 /BT_WAKEUP))
    (pad 5 thru_hole oval (at 0 5.08) (size 1.7 1.7) (drill 1) (layers *.Cu *.Mask)
      (net 9 /MCU_WAKEUP))
    (pad 4 thru_hole oval (at 2.54 2.54) (size 1.7 1.7) (drill 1) (layers *.Cu *.Mask)
      (net 10 /HCI_RXD))
    (pad 3 thru_hole oval (at 0 2.54) (size 1.7 1.7) (drill 1) (layers *.Cu *.Mask)
      (net 11 /HCI_TXD))
    (pad 2 thru_hole oval (at 2.54 0) (size 1.7 1.7) (drill 1) (layers *.Cu *.Mask)
      (net 1 GND))
    (pad 1 thru_hole rect (at 0 0) (size 1.7 1.7) (drill 1) (layers *.Cu *.Mask)
      (net 4 +3V3))
    (model ${KISYS3DMOD}/Connector_PinHeader_2.54mm.3dshapes/PinHeader_2x03_P2.54mm_Vertical.wrl
      (at (xyz 0 0 0))
      (scale (xyz 1 1 1))
      (rotate (xyz 0 0 0))
    )
  )

  (module Connector_PinHeader_2.54mm:PinHeader_2x03_P2.54mm_Vertical (layer F.Cu) (tedit 59FED5CC) (tstamp 5C02465D)
    (at 157 160.5)
    (descr "Through hole straight pin header, 2x03, 2.54mm pitch, double rows")
    (tags "Through hole pin header THT 2x03 2.54mm double row")
    (path /5BC18ACC)
    (fp_text reference J3 (at 1.27 -2.33) (layer F.SilkS)
      (effects (font (size 1 1) (thickness 0.15)))
    )
    (fp_text value Conn_02x03_Odd_Even (at 1.27 7.41) (layer F.Fab)
      (effects (font (size 1 1) (thickness 0.15)))
    )
    (fp_line (start 0 -1.27) (end 3.81 -1.27) (layer F.Fab) (width 0.1))
    (fp_line (start 3.81 -1.27) (end 3.81 6.35) (layer F.Fab) (width 0.1))
    (fp_line (start 3.81 6.35) (end -1.27 6.35) (layer F.Fab) (width 0.1))
    (fp_line (start -1.27 6.35) (end -1.27 0) (layer F.Fab) (width 0.1))
    (fp_line (start -1.27 0) (end 0 -1.27) (layer F.Fab) (width 0.1))
    (fp_line (start -1.33 6.41) (end 3.87 6.41) (layer F.SilkS) (width 0.12))
    (fp_line (start -1.33 1.27) (end -1.33 6.41) (layer F.SilkS) (width 0.12))
    (fp_line (start 3.87 -1.33) (end 3.87 6.41) (layer F.SilkS) (width 0.12))
    (fp_line (start -1.33 1.27) (end 1.27 1.27) (layer F.SilkS) (width 0.12))
    (fp_line (start 1.27 1.27) (end 1.27 -1.33) (layer F.SilkS) (width 0.12))
    (fp_line (start 1.27 -1.33) (end 3.87 -1.33) (layer F.SilkS) (width 0.12))
    (fp_line (start -1.33 0) (end -1.33 -1.33) (layer F.SilkS) (width 0.12))
    (fp_line (start -1.33 -1.33) (end 0 -1.33) (layer F.SilkS) (width 0.12))
    (fp_line (start -1.8 -1.8) (end -1.8 6.85) (layer F.CrtYd) (width 0.05))
    (fp_line (start -1.8 6.85) (end 4.35 6.85) (layer F.CrtYd) (width 0.05))
    (fp_line (start 4.35 6.85) (end 4.35 -1.8) (layer F.CrtYd) (width 0.05))
    (fp_line (start 4.35 -1.8) (end -1.8 -1.8) (layer F.CrtYd) (width 0.05))
    (fp_text user %R (at 1.27 2.54 90) (layer F.Fab)
      (effects (font (size 1 1) (thickness 0.15)))
    )
    (pad 1 thru_hole rect (at 0 0) (size 1.7 1.7) (drill 1) (layers *.Cu *.Mask)
      (net 4 +3V3))
    (pad 2 thru_hole oval (at 2.54 0) (size 1.7 1.7) (drill 1) (layers *.Cu *.Mask)
      (net 1 GND))
    (pad 3 thru_hole oval (at 0 2.54) (size 1.7 1.7) (drill 1) (layers *.Cu *.Mask)
      (net 12 "Net-(J3-Pad3)"))
    (pad 4 thru_hole oval (at 2.54 2.54) (size 1.7 1.7) (drill 1) (layers *.Cu *.Mask)
      (net 13 "Net-(J3-Pad4)"))
    (pad 5 thru_hole oval (at 0 5.08) (size 1.7 1.7) (drill 1) (layers *.Cu *.Mask)
      (net 14 "Net-(J3-Pad5)"))
    (pad 6 thru_hole oval (at 2.54 5.08) (size 1.7 1.7) (drill 1) (layers *.Cu *.Mask)
      (net 15 "Net-(J3-Pad6)"))
    (model ${KISYS3DMOD}/Connector_PinHeader_2.54mm.3dshapes/PinHeader_2x03_P2.54mm_Vertical.wrl
      (at (xyz 0 0 0))
      (scale (xyz 1 1 1))
      (rotate (xyz 0 0 0))
    )
  )

  (module Connector_PinHeader_2.54mm:PinHeader_1x02_P2.54mm_Vertical (layer F.Cu) (tedit 59FED5CC) (tstamp 5C024673)
    (at 163.5 112.96)
    (descr "Through hole straight pin header, 1x02, 2.54mm pitch, single row")
    (tags "Through hole pin header THT 1x02 2.54mm single row")
    (path /5BBF0FBB)
    (fp_text reference J4 (at 0 -2.33) (layer F.SilkS)
      (effects (font (size 1 1) (thickness 0.15)))
    )
    (fp_text value Conn_01x02 (at 0 4.87) (layer F.Fab)
      (effects (font (size 1 1) (thickness 0.15)))
    )
    (fp_line (start -0.635 -1.27) (end 1.27 -1.27) (layer F.Fab) (width 0.1))
    (fp_line (start 1.27 -1.27) (end 1.27 3.81) (layer F.Fab) (width 0.1))
    (fp_line (start 1.27 3.81) (end -1.27 3.81) (layer F.Fab) (width 0.1))
    (fp_line (start -1.27 3.81) (end -1.27 -0.635) (layer F.Fab) (width 0.1))
    (fp_line (start -1.27 -0.635) (end -0.635 -1.27) (layer F.Fab) (width 0.1))
    (fp_line (start -1.33 3.87) (end 1.33 3.87) (layer F.SilkS) (width 0.12))
    (fp_line (start -1.33 1.27) (end -1.33 3.87) (layer F.SilkS) (width 0.12))
    (fp_line (start 1.33 1.27) (end 1.33 3.87) (layer F.SilkS) (width 0.12))
    (fp_line (start -1.33 1.27) (end 1.33 1.27) (layer F.SilkS) (width 0.12))
    (fp_line (start -1.33 0) (end -1.33 -1.33) (layer F.SilkS) (width 0.12))
    (fp_line (start -1.33 -1.33) (end 0 -1.33) (layer F.SilkS) (width 0.12))
    (fp_line (start -1.8 -1.8) (end -1.8 4.35) (layer F.CrtYd) (width 0.05))
    (fp_line (start -1.8 4.35) (end 1.8 4.35) (layer F.CrtYd) (width 0.05))
    (fp_line (start 1.8 4.35) (end 1.8 -1.8) (layer F.CrtYd) (width 0.05))
    (fp_line (start 1.8 -1.8) (end -1.8 -1.8) (layer F.CrtYd) (width 0.05))
    (fp_text user %R (at 0 1.27 90) (layer F.Fab)
      (effects (font (size 1 1) (thickness 0.15)))
    )
    (pad 1 thru_hole rect (at 0 0) (size 1.7 1.7) (drill 1) (layers *.Cu *.Mask)
      (net 2 +BATT))
    (pad 2 thru_hole oval (at 0 2.54) (size 1.7 1.7) (drill 1) (layers *.Cu *.Mask)
      (net 1 GND))
    (model ${KISYS3DMOD}/Connector_PinHeader_2.54mm.3dshapes/PinHeader_1x02_P2.54mm_Vertical.wrl
      (at (xyz 0 0 0))
      (scale (xyz 1 1 1))
      (rotate (xyz 0 0 0))
    )
  )

  (module Connector_PinHeader_2.54mm:PinHeader_1x01_P2.54mm_Vertical (layer F.Cu) (tedit 59FED5CC) (tstamp 5C024688)
    (at 150.5 113.5)
    (descr "Through hole straight pin header, 1x01, 2.54mm pitch, single row")
    (tags "Through hole pin header THT 1x01 2.54mm single row")
    (path /5BC64D82)
    (fp_text reference J5 (at 0 -2.33) (layer F.SilkS)
      (effects (font (size 1 1) (thickness 0.15)))
    )
    (fp_text value Conn_01x01 (at 0 2.33) (layer F.Fab)
      (effects (font (size 1 1) (thickness 0.15)))
    )
    (fp_line (start -0.635 -1.27) (end 1.27 -1.27) (layer F.Fab) (width 0.1))
    (fp_line (start 1.27 -1.27) (end 1.27 1.27) (layer F.Fab) (width 0.1))
    (fp_line (start 1.27 1.27) (end -1.27 1.27) (layer F.Fab) (width 0.1))
    (fp_line (start -1.27 1.27) (end -1.27 -0.635) (layer F.Fab) (width 0.1))
    (fp_line (start -1.27 -0.635) (end -0.635 -1.27) (layer F.Fab) (width 0.1))
    (fp_line (start -1.33 1.33) (end 1.33 1.33) (layer F.SilkS) (width 0.12))
    (fp_line (start -1.33 1.27) (end -1.33 1.33) (layer F.SilkS) (width 0.12))
    (fp_line (start 1.33 1.27) (end 1.33 1.33) (layer F.SilkS) (width 0.12))
    (fp_line (start -1.33 1.27) (end 1.33 1.27) (layer F.SilkS) (width 0.12))
    (fp_line (start -1.33 0) (end -1.33 -1.33) (layer F.SilkS) (width 0.12))
    (fp_line (start -1.33 -1.33) (end 0 -1.33) (layer F.SilkS) (width 0.12))
    (fp_line (start -1.8 -1.8) (end -1.8 1.8) (layer F.CrtYd) (width 0.05))
    (fp_line (start -1.8 1.8) (end 1.8 1.8) (layer F.CrtYd) (width 0.05))
    (fp_line (start 1.8 1.8) (end 1.8 -1.8) (layer F.CrtYd) (width 0.05))
    (fp_line (start 1.8 -1.8) (end -1.8 -1.8) (layer F.CrtYd) (width 0.05))
    (fp_text user %R (at 0 0 90) (layer F.Fab)
      (effects (font (size 1 1) (thickness 0.15)))
    )
    (pad 1 thru_hole rect (at 0 0) (size 1.7 1.7) (drill 1) (layers *.Cu *.Mask)
      (net 16 "Net-(J5-Pad1)"))
    (model ${KISYS3DMOD}/Connector_PinHeader_2.54mm.3dshapes/PinHeader_1x01_P2.54mm_Vertical.wrl
      (at (xyz 0 0 0))
      (scale (xyz 1 1 1))
      (rotate (xyz 0 0 0))
    )
  )

  (module Connector_PinHeader_2.54mm:PinHeader_1x08_P2.54mm_Vertical (layer F.Cu) (tedit 59FED5CC) (tstamp 5C0246A4)
    (at 114.5 86.5)
    (descr "Through hole straight pin header, 1x08, 2.54mm pitch, single row")
    (tags "Through hole pin header THT 1x08 2.54mm single row")
    (path /5BC4D774)
    (fp_text reference J6 (at 0 -2.33) (layer F.SilkS)
      (effects (font (size 1 1) (thickness 0.15)))
    )
    (fp_text value Conn_01x08 (at 0 20.11) (layer F.Fab)
      (effects (font (size 1 1) (thickness 0.15)))
    )
    (fp_line (start -0.635 -1.27) (end 1.27 -1.27) (layer F.Fab) (width 0.1))
    (fp_line (start 1.27 -1.27) (end 1.27 19.05) (layer F.Fab) (width 0.1))
    (fp_line (start 1.27 19.05) (end -1.27 19.05) (layer F.Fab) (width 0.1))
    (fp_line (start -1.27 19.05) (end -1.27 -0.635) (layer F.Fab) (width 0.1))
    (fp_line (start -1.27 -0.635) (end -0.635 -1.27) (layer F.Fab) (width 0.1))
    (fp_line (start -1.33 19.11) (end 1.33 19.11) (layer F.SilkS) (width 0.12))
    (fp_line (start -1.33 1.27) (end -1.33 19.11) (layer F.SilkS) (width 0.12))
    (fp_line (start 1.33 1.27) (end 1.33 19.11) (layer F.SilkS) (width 0.12))
    (fp_line (start -1.33 1.27) (end 1.33 1.27) (layer F.SilkS) (width 0.12))
    (fp_line (start -1.33 0) (end -1.33 -1.33) (layer F.SilkS) (width 0.12))
    (fp_line (start -1.33 -1.33) (end 0 -1.33) (layer F.SilkS) (width 0.12))
    (fp_line (start -1.8 -1.8) (end -1.8 19.55) (layer F.CrtYd) (width 0.05))
    (fp_line (start -1.8 19.55) (end 1.8 19.55) (layer F.CrtYd) (width 0.05))
    (fp_line (start 1.8 19.55) (end 1.8 -1.8) (layer F.CrtYd) (width 0.05))
    (fp_line (start 1.8 -1.8) (end -1.8 -1.8) (layer F.CrtYd) (width 0.05))
    (fp_text user %R (at 0 8.89 90) (layer F.Fab)
      (effects (font (size 1 1) (thickness 0.15)))
    )
    (pad 1 thru_hole rect (at 0 0) (size 1.7 1.7) (drill 1) (layers *.Cu *.Mask)
      (net 17 "Net-(J6-Pad1)"))
    (pad 2 thru_hole oval (at 0 2.54) (size 1.7 1.7) (drill 1) (layers *.Cu *.Mask)
      (net 18 "Net-(J6-Pad2)"))
    (pad 3 thru_hole oval (at 0 5.08) (size 1.7 1.7) (drill 1) (layers *.Cu *.Mask)
      (net 19 "Net-(J6-Pad3)"))
    (pad 4 thru_hole oval (at 0 7.62) (size 1.7 1.7) (drill 1) (layers *.Cu *.Mask)
      (net 20 "Net-(J6-Pad4)"))
    (pad 5 thru_hole oval (at 0 10.16) (size 1.7 1.7) (drill 1) (layers *.Cu *.Mask)
      (net 21 "Net-(J6-Pad5)"))
    (pad 6 thru_hole oval (at 0 12.7) (size 1.7 1.7) (drill 1) (layers *.Cu *.Mask)
      (net 22 "Net-(J6-Pad6)"))
    (pad 7 thru_hole oval (at 0 15.24) (size 1.7 1.7) (drill 1) (layers *.Cu *.Mask)
      (net 23 "Net-(J6-Pad7)"))
    (pad 8 thru_hole oval (at 0 17.78) (size 1.7 1.7) (drill 1) (layers *.Cu *.Mask)
      (net 24 "Net-(J6-Pad8)"))
    (model ${KISYS3DMOD}/Connector_PinHeader_2.54mm.3dshapes/PinHeader_1x08_P2.54mm_Vertical.wrl
      (at (xyz 0 0 0))
      (scale (xyz 1 1 1))
      (rotate (xyz 0 0 0))
    )
  )

  (module Connector_PinHeader_2.54mm:PinHeader_1x07_P2.54mm_Vertical (layer F.Cu) (tedit 59FED5CC) (tstamp 5C0246BF)
    (at 163.5 86)
    (descr "Through hole straight pin header, 1x07, 2.54mm pitch, single row")
    (tags "Through hole pin header THT 1x07 2.54mm single row")
    (path /5BD11ED7)
    (fp_text reference J7 (at 0 -2.33) (layer F.SilkS)
      (effects (font (size 1 1) (thickness 0.15)))
    )
    (fp_text value Conn_01x07 (at 0 17.57) (layer F.Fab)
      (effects (font (size 1 1) (thickness 0.15)))
    )
    (fp_line (start -0.635 -1.27) (end 1.27 -1.27) (layer F.Fab) (width 0.1))
    (fp_line (start 1.27 -1.27) (end 1.27 16.51) (layer F.Fab) (width 0.1))
    (fp_line (start 1.27 16.51) (end -1.27 16.51) (layer F.Fab) (width 0.1))
    (fp_line (start -1.27 16.51) (end -1.27 -0.635) (layer F.Fab) (width 0.1))
    (fp_line (start -1.27 -0.635) (end -0.635 -1.27) (layer F.Fab) (width 0.1))
